%YAML:1.0
---
type: IMU
name: imutest
Gyr:
   unit: " rad/s"
   avg-axis:
      gyr_n: 2.1133309334795100e-01
      gyr_w: 8.6031628373664829e-04
   x-axis:
      gyr_n: 2.1230109862180355e-01
      gyr_w: 9.0866804449164665e-04
   y-axis:
      gyr_n: 2.0835479058552236e-01
      gyr_w: 8.8211001265341886e-04
   z-axis:
      gyr_n: 2.1334339083652704e-01
      gyr_w: 7.9017079406487937e-04
Acc:
   unit: " m/s^2"
   avg-axis:
      acc_n: 2.6534527494636762e-01
      acc_w: 3.5353096735536564e-03
   x-axis:
      acc_n: 2.6466347415778735e-01
      acc_w: 3.4422576359407222e-03
   y-axis:
      acc_n: 2.6621906266087947e-01
      acc_w: 3.5017134717603257e-03
   z-axis:
      acc_n: 2.6515328802043597e-01
      acc_w: 3.6619579129599225e-03
